data in sector:

0   3  00 00 00 00 00 00 ff 07 80 69 ff ff ff ff ff ff  [001]
    2  00 00 00 00 00 00 00 00 00 00 00 00 00 00 00 00  [000]
    1  00 00 00 00 00 00 00 00 00 00 00 00 00 00 00 00  [000]
    0  ID  [000]
	
	不修改
	
	
1   7   00 00 00 00 00 00 ff 07 80 69 ff ff ff ff ff ff  [001]
    6   00 00 00 00 00 00 00 00 00 00 00 00 00 00 00 00  [000] //终止时间
    5   00 00 00 00 00 00 00 00 00 00 00 00 00 00 00 00  [000] //起始时间
    4   xx xx xx xx xx xx xx xx xx xx xx xx xx xx xx xx  [000] //学号
	
	
	
2   11  00 00 00 00 00 00 ff 07 80 69 ff ff ff ff ff ff  [001]
    10  00 00 00 00 00 00 00 00 00 00 00 00 00 00 00 00  [000]
    9   00 00 00 00 00 00 00 00 00 00 00 00 00 00 00 00  [000]
    8   00 00 00 00 00 00 00 00 00 00 00 00 00 00 00 00  [000] //当前余额
	
	
3   15  00 00 00 00 00 00 ff 07 80 69 ff ff ff ff ff ff  [001]
    14  00 00 00 00 00 00 00 00 00 00 00 00 00 00 00 00  [000]
    13  00 00 00 00 00 00 00 00 00 00 00 00 00 00 00 00  [000]
    12  00 00 00 00 00 00 00 00 00 00 00 00 00 00 00 00  [000] //当前余额
	
	
4   19  00 00 00 00 00 00 ff 07 80 69 ff ff ff ff ff ff  [001]
    18  00 00 00 00 00 00 00 00 00 00 00 00 00 00 00 00  [000]
    17  00 00 00 00 00 00 00 00 00 00 00 00 00 00 00 00  [000]
    16  00 00 00 00 00 00 00 00 00 00 00 00 00 00 00 00  [000]
	
	记录的头指针、数量
	
		
5-9存消费记录		
5   3  00 00 00 00 00 00 ff 07 80 69 ff ff ff ff ff ff  [001]
    2  00 00 00 00 00 00 00 00 00 00 00 00 00 00 00 00  [000]
    1  00 00 00 00 00 00 00 00 00 00 00 00 00 00 00 00  [000]
    0  00 00 00 00 00 00 00 00 00 00 00 00 00 00 00 00  [000]
	
	
6   3  00 00 00 00 00 00 ff 07 80 69 ff ff ff ff ff ff  [001]
    2  00 00 00 00 00 00 00 00 00 00 00 00 00 00 00 00  [000]
    1  00 00 00 00 00 00 00 00 00 00 00 00 00 00 00 00  [000]
    0  00 00 00 00 00 00 00 00 00 00 00 00 00 00 00 00  [000]
	
	
7   3  00 00 00 00 00 00 ff 07 80 69 ff ff ff ff ff ff  [001]
    2  00 00 00 00 00 00 00 00 00 00 00 00 00 00 00 00  [000]
    1  00 00 00 00 00 00 00 00 00 00 00 00 00 00 00 00  [000]
    0  00 00 00 00 00 00 00 00 00 00 00 00 00 00 00 00  [000]		
	
	
8   3  00 00 00 00 00 00 ff 07 80 69 ff ff ff ff ff ff  [001]
    2  00 00 00 00 00 00 00 00 00 00 00 00 00 00 00 00  [000]
    1  00 00 00 00 00 00 00 00 00 00 00 00 00 00 00 00  [000]
    0  00 00 00 00 00 00 00 00 00 00 00 00 00 00 00 00  [000]
	
	
9   3  00 00 00 00 00 00 ff 07 80 69 ff ff ff ff ff ff  [001]
    2  00 00 00 00 00 00 00 00 00 00 00 00 00 00 00 00  [000]
    1  00 00 00 00 00 00 00 00 00 00 00 00 00 00 00 00  [000]
    0  00 00 00 00 00 00 00 00 00 00 00 00 00 00 00 00  [000]
	

10  3  00 00 00 00 00 00 ff 07 80 69 ff ff ff ff ff ff  [001]
    2  00 00 00 00 00 00 00 00 00 00 00 00 00 00 00 00  [000]
    1  00 00 00 00 00 00 00 00 00 00 00 00 00 00 00 00  [000]
    0  00 00 00 00 00 00 00 00 00 00 00 00 00 00 00 00  [000]

	有效性判断
	
11  3  00 00 00 00 00 00 ff 07 80 69 ff ff ff ff ff ff  [001]
    2  00 00 00 00 00 00 00 00 00 00 00 00 00 00 00 00  [000]
    1  00 00 00 00 00 00 00 00 00 00 00 00 00 00 00 00  [000]
    0  00 00 00 00 00 00 00 00 00 00 00 00 00 00 00 00  [000]

	学生密码
	
12  3  00 00 00 00 00 00 ff 07 80 69 ff ff ff ff ff ff  [001]
    2  00 00 00 00 00 00 00 00 00 00 00 00 00 00 00 00  [000]
    1  00 00 00 00 00 00 00 00 00 00 00 00 00 00 00 00  [000]
    0  00 00 00 00 00 00 00 00 00 00 00 00 00 00 00 00  [000]	
	
13  3  00 00 00 00 00 00 ff 07 80 69 ff ff ff ff ff ff  [001]
    2  00 00 00 00 00 00 00 00 00 00 00 00 00 00 00 00  [000]
    1  00 00 00 00 00 00 00 00 00 00 00 00 00 00 00 00  [000]
    0  00 00 00 00 00 00 00 00 00 00 00 00 00 00 00 00  [000]	
	
14  3  00 00 00 00 00 00 ff 07 80 69 ff ff ff ff ff ff  [001]
    2  00 00 00 00 00 00 00 00 00 00 00 00 00 00 00 00  [000]
    1  00 00 00 00 00 00 00 00 00 00 00 00 00 00 00 00  [000]
    0  00 00 00 00 00 00 00 00 00 00 00 00 00 00 00 00  [000]	
	
15  3  00 00 00 00 00 00 ff 07 80 69 ff ff ff ff ff ff  [001]
    2  00 00 00 00 00 00 00 00 00 00 00 00 00 00 00 00  [000]
    1  00 00 00 00 00 00 00 00 00 00 00 00 00 00 00 00  [000]
    0  00 00 00 00 00 00 00 00 00 00 00 00 00 00 00 00  [000]	

	